解法0: 
1 0 0 0 0 0 0 
0 0 1 0 0 0 0 
0 0 0 0 1 0 0 
0 0 0 0 0 0 1 
0 1 0 0 0 0 0 
0 0 0 1 0 0 0 
0 0 0 0 0 1 0 

解法1: 
1 0 0 0 0 0 0 
0 0 0 1 0 0 0 
0 0 0 0 0 0 1 
0 0 1 0 0 0 0 
0 0 0 0 0 1 0 
0 1 0 0 0 0 0 
0 0 0 0 1 0 0 

解法2: 
1 0 0 0 0 0 0 
0 0 0 0 1 0 0 
0 1 0 0 0 0 0 
0 0 0 0 0 1 0 
0 0 1 0 0 0 0 
0 0 0 0 0 0 1 
0 0 0 1 0 0 0 

解法3: 
1 0 0 0 0 0 0 
0 0 0 0 0 1 0 
0 0 0 1 0 0 0 
0 1 0 0 0 0 0 
0 0 0 0 0 0 1 
0 0 0 0 1 0 0 
0 0 1 0 0 0 0 

解法4: 
0 1 0 0 0 0 0 
0 0 0 1 0 0 0 
1 0 0 0 0 0 0 
0 0 0 0 0 0 1 
0 0 0 0 1 0 0 
0 0 1 0 0 0 0 
0 0 0 0 0 1 0 

解法5: 
0 1 0 0 0 0 0 
0 0 0 1 0 0 0 
0 0 0 0 0 1 0 
1 0 0 0 0 0 0 
0 0 1 0 0 0 0 
0 0 0 0 1 0 0 
0 0 0 0 0 0 1 

解法6: 
0 1 0 0 0 0 0 
0 0 0 0 1 0 0 
1 0 0 0 0 0 0 
0 0 0 1 0 0 0 
0 0 0 0 0 0 1 
0 0 1 0 0 0 0 
0 0 0 0 0 1 0 

解法7: 
0 1 0 0 0 0 0 
0 0 0 0 1 0 0 
0 0 1 0 0 0 0 
1 0 0 0 0 0 0 
0 0 0 0 0 0 1 
0 0 0 1 0 0 0 
0 0 0 0 0 1 0 

解法8: 
0 1 0 0 0 0 0 
0 0 0 0 1 0 0 
0 0 0 0 0 0 1 
0 0 0 1 0 0 0 
1 0 0 0 0 0 0 
0 0 1 0 0 0 0 
0 0 0 0 0 1 0 

解法9: 
0 1 0 0 0 0 0 
0 0 0 0 0 1 0 
0 0 1 0 0 0 0 
0 0 0 0 0 0 1 
0 0 0 1 0 0 0 
1 0 0 0 0 0 0 
0 0 0 0 1 0 0 

解法10: 
0 1 0 0 0 0 0 
0 0 0 0 0 0 1 
0 0 0 0 1 0 0 
0 0 1 0 0 0 0 
1 0 0 0 0 0 0 
0 0 0 0 0 1 0 
0 0 0 1 0 0 0 

解法11: 
0 0 1 0 0 0 0 
1 0 0 0 0 0 0 
0 0 0 0 0 1 0 
0 1 0 0 0 0 0 
0 0 0 0 1 0 0 
0 0 0 0 0 0 1 
0 0 0 1 0 0 0 

解法12: 
0 0 1 0 0 0 0 
1 0 0 0 0 0 0 
0 0 0 0 0 1 0 
0 0 0 1 0 0 0 
0 1 0 0 0 0 0 
0 0 0 0 0 0 1 
0 0 0 0 1 0 0 

解法13: 
0 0 1 0 0 0 0 
0 0 0 0 1 0 0 
0 0 0 0 0 0 1 
0 1 0 0 0 0 0 
0 0 0 1 0 0 0 
0 0 0 0 0 1 0 
1 0 0 0 0 0 0 

解法14: 
0 0 1 0 0 0 0 
0 0 0 0 0 1 0 
0 1 0 0 0 0 0 
0 0 0 0 1 0 0 
1 0 0 0 0 0 0 
0 0 0 1 0 0 0 
0 0 0 0 0 0 1 

解法15: 
0 0 1 0 0 0 0 
0 0 0 0 0 0 1 
0 1 0 0 0 0 0 
0 0 0 1 0 0 0 
0 0 0 0 0 1 0 
1 0 0 0 0 0 0 
0 0 0 0 1 0 0 

解法16: 
0 0 1 0 0 0 0 
0 0 0 0 0 0 1 
0 0 0 1 0 0 0 
1 0 0 0 0 0 0 
0 0 0 0 1 0 0 
0 1 0 0 0 0 0 
0 0 0 0 0 1 0 

解法17: 
0 0 0 1 0 0 0 
1 0 0 0 0 0 0 
0 0 1 0 0 0 0 
0 0 0 0 0 1 0 
0 1 0 0 0 0 0 
0 0 0 0 0 0 1 
0 0 0 0 1 0 0 

解法18: 
0 0 0 1 0 0 0 
1 0 0 0 0 0 0 
0 0 0 0 1 0 0 
0 1 0 0 0 0 0 
0 0 0 0 0 1 0 
0 0 1 0 0 0 0 
0 0 0 0 0 0 1 

解法19: 
0 0 0 1 0 0 0 
0 1 0 0 0 0 0 
0 0 0 0 0 0 1 
0 0 0 0 1 0 0 
0 0 1 0 0 0 0 
1 0 0 0 0 0 0 
0 0 0 0 0 1 0 

解法20: 
0 0 0 1 0 0 0 
0 0 0 0 0 1 0 
1 0 0 0 0 0 0 
0 0 1 0 0 0 0 
0 0 0 0 1 0 0 
0 0 0 0 0 0 1 
0 1 0 0 0 0 0 

解法21: 
0 0 0 1 0 0 0 
0 0 0 0 0 0 1 
0 0 1 0 0 0 0 
0 0 0 0 0 1 0 
0 1 0 0 0 0 0 
0 0 0 0 1 0 0 
1 0 0 0 0 0 0 

解法22: 
0 0 0 1 0 0 0 
0 0 0 0 0 0 1 
0 0 0 0 1 0 0 
0 1 0 0 0 0 0 
0 0 0 0 0 1 0 
1 0 0 0 0 0 0 
0 0 1 0 0 0 0 

解法23: 
0 0 0 0 1 0 0 
1 0 0 0 0 0 0 
0 0 0 1 0 0 0 
0 0 0 0 0 0 1 
0 0 1 0 0 0 0 
0 0 0 0 0 1 0 
0 1 0 0 0 0 0 

解法24: 
0 0 0 0 1 0 0 
1 0 0 0 0 0 0 
0 0 0 0 0 1 0 
0 0 0 1 0 0 0 
0 1 0 0 0 0 0 
0 0 0 0 0 0 1 
0 0 1 0 0 0 0 

解法25: 
0 0 0 0 1 0 0 
0 1 0 0 0 0 0 
0 0 0 0 0 1 0 
0 0 1 0 0 0 0 
0 0 0 0 0 0 1 
0 0 0 1 0 0 0 
1 0 0 0 0 0 0 

解法26: 
0 0 0 0 1 0 0 
0 0 1 0 0 0 0 
1 0 0 0 0 0 0 
0 0 0 0 0 1 0 
0 0 0 1 0 0 0 
0 1 0 0 0 0 0 
0 0 0 0 0 0 1 

解法27: 
0 0 0 0 1 0 0 
0 0 0 0 0 0 1 
0 1 0 0 0 0 0 
0 0 0 1 0 0 0 
0 0 0 0 0 1 0 
1 0 0 0 0 0 0 
0 0 1 0 0 0 0 

解法28: 
0 0 0 0 1 0 0 
0 0 0 0 0 0 1 
0 1 0 0 0 0 0 
0 0 0 0 0 1 0 
0 0 1 0 0 0 0 
1 0 0 0 0 0 0 
0 0 0 1 0 0 0 

解法29: 
0 0 0 0 0 1 0 
1 0 0 0 0 0 0 
0 0 1 0 0 0 0 
0 0 0 0 1 0 0 
0 0 0 0 0 0 1 
0 1 0 0 0 0 0 
0 0 0 1 0 0 0 

解法30: 
0 0 0 0 0 1 0 
0 1 0 0 0 0 0 
0 0 0 0 1 0 0 
1 0 0 0 0 0 0 
0 0 0 1 0 0 0 
0 0 0 0 0 0 1 
0 0 1 0 0 0 0 

解法31: 
0 0 0 0 0 1 0 
0 0 1 0 0 0 0 
1 0 0 0 0 0 0 
0 0 0 1 0 0 0 
0 0 0 0 0 0 1 
0 0 0 0 1 0 0 
0 1 0 0 0 0 0 

解法32: 
0 0 0 0 0 1 0 
0 0 1 0 0 0 0 
0 0 0 0 1 0 0 
0 0 0 0 0 0 1 
1 0 0 0 0 0 0 
0 0 0 1 0 0 0 
0 1 0 0 0 0 0 

解法33: 
0 0 0 0 0 1 0 
0 0 1 0 0 0 0 
0 0 0 0 0 0 1 
0 0 0 1 0 0 0 
1 0 0 0 0 0 0 
0 0 0 0 1 0 0 
0 1 0 0 0 0 0 

解法34: 
0 0 0 0 0 1 0 
0 0 0 1 0 0 0 
0 1 0 0 0 0 0 
0 0 0 0 0 0 1 
0 0 0 0 1 0 0 
0 0 1 0 0 0 0 
1 0 0 0 0 0 0 

解法35: 
0 0 0 0 0 1 0 
0 0 0 1 0 0 0 
0 0 0 0 0 0 1 
1 0 0 0 0 0 0 
0 0 1 0 0 0 0 
0 0 0 0 1 0 0 
0 1 0 0 0 0 0 

解法36: 
0 0 0 0 0 0 1 
0 1 0 0 0 0 0 
0 0 0 1 0 0 0 
0 0 0 0 0 1 0 
1 0 0 0 0 0 0 
0 0 1 0 0 0 0 
0 0 0 0 1 0 0 

解法37: 
0 0 0 0 0 0 1 
0 0 1 0 0 0 0 
0 0 0 0 0 1 0 
0 1 0 0 0 0 0 
0 0 0 0 1 0 0 
1 0 0 0 0 0 0 
0 0 0 1 0 0 0 

解法38: 
0 0 0 0 0 0 1 
0 0 0 1 0 0 0 
1 0 0 0 0 0 0 
0 0 0 0 1 0 0 
0 1 0 0 0 0 0 
0 0 0 0 0 1 0 
0 0 1 0 0 0 0 

解法39: 
0 0 0 0 0 0 1 
0 0 0 0 1 0 0 
0 0 1 0 0 0 0 
1 0 0 0 0 0 0 
0 0 0 0 0 1 0 
0 0 0 1 0 0 0 
0 1 0 0 0 0 0 

