解法0: 
1 0 0 0 0 0 0 0 
0 0 0 0 1 0 0 0 
0 0 0 0 0 0 0 1 
0 0 0 0 0 1 0 0 
0 0 1 0 0 0 0 0 
0 0 0 0 0 0 1 0 
0 1 0 0 0 0 0 0 
0 0 0 1 0 0 0 0 

解法1: 
1 0 0 0 0 0 0 0 
0 0 0 0 0 1 0 0 
0 0 0 0 0 0 0 1 
0 0 1 0 0 0 0 0 
0 0 0 0 0 0 1 0 
0 0 0 1 0 0 0 0 
0 1 0 0 0 0 0 0 
0 0 0 0 1 0 0 0 

解法2: 
1 0 0 0 0 0 0 0 
0 0 0 0 0 0 1 0 
0 0 0 1 0 0 0 0 
0 0 0 0 0 1 0 0 
0 0 0 0 0 0 0 1 
0 1 0 0 0 0 0 0 
0 0 0 0 1 0 0 0 
0 0 1 0 0 0 0 0 

解法3: 
1 0 0 0 0 0 0 0 
0 0 0 0 0 0 1 0 
0 0 0 0 1 0 0 0 
0 0 0 0 0 0 0 1 
0 1 0 0 0 0 0 0 
0 0 0 1 0 0 0 0 
0 0 0 0 0 1 0 0 
0 0 1 0 0 0 0 0 

解法4: 
0 1 0 0 0 0 0 0 
0 0 0 1 0 0 0 0 
0 0 0 0 0 1 0 0 
0 0 0 0 0 0 0 1 
0 0 1 0 0 0 0 0 
1 0 0 0 0 0 0 0 
0 0 0 0 0 0 1 0 
0 0 0 0 1 0 0 0 

解法5: 
0 1 0 0 0 0 0 0 
0 0 0 0 1 0 0 0 
0 0 0 0 0 0 1 0 
1 0 0 0 0 0 0 0 
0 0 1 0 0 0 0 0 
0 0 0 0 0 0 0 1 
0 0 0 0 0 1 0 0 
0 0 0 1 0 0 0 0 

解法6: 
0 1 0 0 0 0 0 0 
0 0 0 0 1 0 0 0 
0 0 0 0 0 0 1 0 
0 0 0 1 0 0 0 0 
1 0 0 0 0 0 0 0 
0 0 0 0 0 0 0 1 
0 0 0 0 0 1 0 0 
0 0 1 0 0 0 0 0 

解法7: 
0 1 0 0 0 0 0 0 
0 0 0 0 0 1 0 0 
1 0 0 0 0 0 0 0 
0 0 0 0 0 0 1 0 
0 0 0 1 0 0 0 0 
0 0 0 0 0 0 0 1 
0 0 1 0 0 0 0 0 
0 0 0 0 1 0 0 0 

解法8: 
0 1 0 0 0 0 0 0 
0 0 0 0 0 1 0 0 
0 0 0 0 0 0 0 1 
0 0 1 0 0 0 0 0 
1 0 0 0 0 0 0 0 
0 0 0 1 0 0 0 0 
0 0 0 0 0 0 1 0 
0 0 0 0 1 0 0 0 

解法9: 
0 1 0 0 0 0 0 0 
0 0 0 0 0 0 1 0 
0 0 1 0 0 0 0 0 
0 0 0 0 0 1 0 0 
0 0 0 0 0 0 0 1 
0 0 0 0 1 0 0 0 
1 0 0 0 0 0 0 0 
0 0 0 1 0 0 0 0 

解法10: 
0 1 0 0 0 0 0 0 
0 0 0 0 0 0 1 0 
0 0 0 0 1 0 0 0 
0 0 0 0 0 0 0 1 
1 0 0 0 0 0 0 0 
0 0 0 1 0 0 0 0 
0 0 0 0 0 1 0 0 
0 0 1 0 0 0 0 0 

解法11: 
0 1 0 0 0 0 0 0 
0 0 0 0 0 0 0 1 
0 0 0 0 0 1 0 0 
1 0 0 0 0 0 0 0 
0 0 1 0 0 0 0 0 
0 0 0 0 1 0 0 0 
0 0 0 0 0 0 1 0 
0 0 0 1 0 0 0 0 

解法12: 
0 0 1 0 0 0 0 0 
1 0 0 0 0 0 0 0 
0 0 0 0 0 0 1 0 
0 0 0 0 1 0 0 0 
0 0 0 0 0 0 0 1 
0 1 0 0 0 0 0 0 
0 0 0 1 0 0 0 0 
0 0 0 0 0 1 0 0 

解法13: 
0 0 1 0 0 0 0 0 
0 0 0 0 1 0 0 0 
0 1 0 0 0 0 0 0 
0 0 0 0 0 0 0 1 
1 0 0 0 0 0 0 0 
0 0 0 0 0 0 1 0 
0 0 0 1 0 0 0 0 
0 0 0 0 0 1 0 0 

解法14: 
0 0 1 0 0 0 0 0 
0 0 0 0 1 0 0 0 
0 1 0 0 0 0 0 0 
0 0 0 0 0 0 0 1 
0 0 0 0 0 1 0 0 
0 0 0 1 0 0 0 0 
0 0 0 0 0 0 1 0 
1 0 0 0 0 0 0 0 

解法15: 
0 0 1 0 0 0 0 0 
0 0 0 0 1 0 0 0 
0 0 0 0 0 0 1 0 
1 0 0 0 0 0 0 0 
0 0 0 1 0 0 0 0 
0 1 0 0 0 0 0 0 
0 0 0 0 0 0 0 1 
0 0 0 0 0 1 0 0 

解法16: 
0 0 1 0 0 0 0 0 
0 0 0 0 1 0 0 0 
0 0 0 0 0 0 0 1 
0 0 0 1 0 0 0 0 
1 0 0 0 0 0 0 0 
0 0 0 0 0 0 1 0 
0 1 0 0 0 0 0 0 
0 0 0 0 0 1 0 0 

解法17: 
0 0 1 0 0 0 0 0 
0 0 0 0 0 1 0 0 
0 1 0 0 0 0 0 0 
0 0 0 0 1 0 0 0 
0 0 0 0 0 0 0 1 
1 0 0 0 0 0 0 0 
0 0 0 0 0 0 1 0 
0 0 0 1 0 0 0 0 

解法18: 
0 0 1 0 0 0 0 0 
0 0 0 0 0 1 0 0 
0 1 0 0 0 0 0 0 
0 0 0 0 0 0 1 0 
1 0 0 0 0 0 0 0 
0 0 0 1 0 0 0 0 
0 0 0 0 0 0 0 1 
0 0 0 0 1 0 0 0 

解法19: 
0 0 1 0 0 0 0 0 
0 0 0 0 0 1 0 0 
0 1 0 0 0 0 0 0 
0 0 0 0 0 0 1 0 
0 0 0 0 1 0 0 0 
1 0 0 0 0 0 0 0 
0 0 0 0 0 0 0 1 
0 0 0 1 0 0 0 0 

解法20: 
0 0 1 0 0 0 0 0 
0 0 0 0 0 1 0 0 
0 0 0 1 0 0 0 0 
1 0 0 0 0 0 0 0 
0 0 0 0 0 0 0 1 
0 0 0 0 1 0 0 0 
0 0 0 0 0 0 1 0 
0 1 0 0 0 0 0 0 

解法21: 
0 0 1 0 0 0 0 0 
0 0 0 0 0 1 0 0 
0 0 0 1 0 0 0 0 
0 1 0 0 0 0 0 0 
0 0 0 0 0 0 0 1 
0 0 0 0 1 0 0 0 
0 0 0 0 0 0 1 0 
1 0 0 0 0 0 0 0 

解法22: 
0 0 1 0 0 0 0 0 
0 0 0 0 0 1 0 0 
0 0 0 0 0 0 0 1 
1 0 0 0 0 0 0 0 
0 0 0 1 0 0 0 0 
0 0 0 0 0 0 1 0 
0 0 0 0 1 0 0 0 
0 1 0 0 0 0 0 0 

解法23: 
0 0 1 0 0 0 0 0 
0 0 0 0 0 1 0 0 
0 0 0 0 0 0 0 1 
1 0 0 0 0 0 0 0 
0 0 0 0 1 0 0 0 
0 0 0 0 0 0 1 0 
0 1 0 0 0 0 0 0 
0 0 0 1 0 0 0 0 

解法24: 
0 0 1 0 0 0 0 0 
0 0 0 0 0 1 0 0 
0 0 0 0 0 0 0 1 
0 1 0 0 0 0 0 0 
0 0 0 1 0 0 0 0 
1 0 0 0 0 0 0 0 
0 0 0 0 0 0 1 0 
0 0 0 0 1 0 0 0 

解法25: 
0 0 1 0 0 0 0 0 
0 0 0 0 0 0 1 0 
0 1 0 0 0 0 0 0 
0 0 0 0 0 0 0 1 
0 0 0 0 1 0 0 0 
1 0 0 0 0 0 0 0 
0 0 0 1 0 0 0 0 
0 0 0 0 0 1 0 0 

解法26: 
0 0 1 0 0 0 0 0 
0 0 0 0 0 0 1 0 
0 1 0 0 0 0 0 0 
0 0 0 0 0 0 0 1 
0 0 0 0 0 1 0 0 
0 0 0 1 0 0 0 0 
1 0 0 0 0 0 0 0 
0 0 0 0 1 0 0 0 

解法27: 
0 0 1 0 0 0 0 0 
0 0 0 0 0 0 0 1 
0 0 0 1 0 0 0 0 
0 0 0 0 0 0 1 0 
1 0 0 0 0 0 0 0 
0 0 0 0 0 1 0 0 
0 1 0 0 0 0 0 0 
0 0 0 0 1 0 0 0 

解法28: 
0 0 0 1 0 0 0 0 
1 0 0 0 0 0 0 0 
0 0 0 0 1 0 0 0 
0 0 0 0 0 0 0 1 
0 1 0 0 0 0 0 0 
0 0 0 0 0 0 1 0 
0 0 1 0 0 0 0 0 
0 0 0 0 0 1 0 0 

解法29: 
0 0 0 1 0 0 0 0 
1 0 0 0 0 0 0 0 
0 0 0 0 1 0 0 0 
0 0 0 0 0 0 0 1 
0 0 0 0 0 1 0 0 
0 0 1 0 0 0 0 0 
0 0 0 0 0 0 1 0 
0 1 0 0 0 0 0 0 

解法30: 
0 0 0 1 0 0 0 0 
0 1 0 0 0 0 0 0 
0 0 0 0 1 0 0 0 
0 0 0 0 0 0 0 1 
0 0 0 0 0 1 0 0 
1 0 0 0 0 0 0 0 
0 0 1 0 0 0 0 0 
0 0 0 0 0 0 1 0 

解法31: 
0 0 0 1 0 0 0 0 
0 1 0 0 0 0 0 0 
0 0 0 0 0 0 1 0 
0 0 1 0 0 0 0 0 
0 0 0 0 0 1 0 0 
0 0 0 0 0 0 0 1 
1 0 0 0 0 0 0 0 
0 0 0 0 1 0 0 0 

解法32: 
0 0 0 1 0 0 0 0 
0 1 0 0 0 0 0 0 
0 0 0 0 0 0 1 0 
0 0 1 0 0 0 0 0 
0 0 0 0 0 1 0 0 
0 0 0 0 0 0 0 1 
0 0 0 0 1 0 0 0 
1 0 0 0 0 0 0 0 

解法33: 
0 0 0 1 0 0 0 0 
0 1 0 0 0 0 0 0 
0 0 0 0 0 0 1 0 
0 0 0 0 1 0 0 0 
1 0 0 0 0 0 0 0 
0 0 0 0 0 0 0 1 
0 0 0 0 0 1 0 0 
0 0 1 0 0 0 0 0 

解法34: 
0 0 0 1 0 0 0 0 
0 1 0 0 0 0 0 0 
0 0 0 0 0 0 0 1 
0 0 0 0 1 0 0 0 
0 0 0 0 0 0 1 0 
1 0 0 0 0 0 0 0 
0 0 1 0 0 0 0 0 
0 0 0 0 0 1 0 0 

解法35: 
0 0 0 1 0 0 0 0 
0 1 0 0 0 0 0 0 
0 0 0 0 0 0 0 1 
0 0 0 0 0 1 0 0 
1 0 0 0 0 0 0 0 
0 0 1 0 0 0 0 0 
0 0 0 0 1 0 0 0 
0 0 0 0 0 0 1 0 

解法36: 
0 0 0 1 0 0 0 0 
0 0 0 0 0 1 0 0 
1 0 0 0 0 0 0 0 
0 0 0 0 1 0 0 0 
0 1 0 0 0 0 0 0 
0 0 0 0 0 0 0 1 
0 0 1 0 0 0 0 0 
0 0 0 0 0 0 1 0 

解法37: 
0 0 0 1 0 0 0 0 
0 0 0 0 0 1 0 0 
0 0 0 0 0 0 0 1 
0 1 0 0 0 0 0 0 
0 0 0 0 0 0 1 0 
1 0 0 0 0 0 0 0 
0 0 1 0 0 0 0 0 
0 0 0 0 1 0 0 0 

解法38: 
0 0 0 1 0 0 0 0 
0 0 0 0 0 1 0 0 
0 0 0 0 0 0 0 1 
0 0 1 0 0 0 0 0 
1 0 0 0 0 0 0 0 
0 0 0 0 0 0 1 0 
0 0 0 0 1 0 0 0 
0 1 0 0 0 0 0 0 

解法39: 
0 0 0 1 0 0 0 0 
0 0 0 0 0 0 1 0 
1 0 0 0 0 0 0 0 
0 0 0 0 0 0 0 1 
0 0 0 0 1 0 0 0 
0 1 0 0 0 0 0 0 
0 0 0 0 0 1 0 0 
0 0 1 0 0 0 0 0 

解法40: 
0 0 0 1 0 0 0 0 
0 0 0 0 0 0 1 0 
0 0 1 0 0 0 0 0 
0 0 0 0 0 0 0 1 
0 1 0 0 0 0 0 0 
0 0 0 0 1 0 0 0 
1 0 0 0 0 0 0 0 
0 0 0 0 0 1 0 0 

解法41: 
0 0 0 1 0 0 0 0 
0 0 0 0 0 0 1 0 
0 0 0 0 1 0 0 0 
0 1 0 0 0 0 0 0 
0 0 0 0 0 1 0 0 
1 0 0 0 0 0 0 0 
0 0 1 0 0 0 0 0 
0 0 0 0 0 0 0 1 

解法42: 
0 0 0 1 0 0 0 0 
0 0 0 0 0 0 1 0 
0 0 0 0 1 0 0 0 
0 0 1 0 0 0 0 0 
1 0 0 0 0 0 0 0 
0 0 0 0 0 1 0 0 
0 0 0 0 0 0 0 1 
0 1 0 0 0 0 0 0 

解法43: 
0 0 0 1 0 0 0 0 
0 0 0 0 0 0 0 1 
1 0 0 0 0 0 0 0 
0 0 1 0 0 0 0 0 
0 0 0 0 0 1 0 0 
0 1 0 0 0 0 0 0 
0 0 0 0 0 0 1 0 
0 0 0 0 1 0 0 0 

解法44: 
0 0 0 1 0 0 0 0 
0 0 0 0 0 0 0 1 
1 0 0 0 0 0 0 0 
0 0 0 0 1 0 0 0 
0 0 0 0 0 0 1 0 
0 1 0 0 0 0 0 0 
0 0 0 0 0 1 0 0 
0 0 1 0 0 0 0 0 

解法45: 
0 0 0 1 0 0 0 0 
0 0 0 0 0 0 0 1 
0 0 0 0 1 0 0 0 
0 0 1 0 0 0 0 0 
1 0 0 0 0 0 0 0 
0 0 0 0 0 0 1 0 
0 1 0 0 0 0 0 0 
0 0 0 0 0 1 0 0 

解法46: 
0 0 0 0 1 0 0 0 
1 0 0 0 0 0 0 0 
0 0 0 1 0 0 0 0 
0 0 0 0 0 1 0 0 
0 0 0 0 0 0 0 1 
0 1 0 0 0 0 0 0 
0 0 0 0 0 0 1 0 
0 0 1 0 0 0 0 0 

解法47: 
0 0 0 0 1 0 0 0 
1 0 0 0 0 0 0 0 
0 0 0 0 0 0 0 1 
0 0 0 1 0 0 0 0 
0 1 0 0 0 0 0 0 
0 0 0 0 0 0 1 0 
0 0 1 0 0 0 0 0 
0 0 0 0 0 1 0 0 

解法48: 
0 0 0 0 1 0 0 0 
1 0 0 0 0 0 0 0 
0 0 0 0 0 0 0 1 
0 0 0 0 0 1 0 0 
0 0 1 0 0 0 0 0 
0 0 0 0 0 0 1 0 
0 1 0 0 0 0 0 0 
0 0 0 1 0 0 0 0 

解法49: 
0 0 0 0 1 0 0 0 
0 1 0 0 0 0 0 0 
0 0 0 1 0 0 0 0 
0 0 0 0 0 1 0 0 
0 0 0 0 0 0 0 1 
0 0 1 0 0 0 0 0 
1 0 0 0 0 0 0 0 
0 0 0 0 0 0 1 0 

解法50: 
0 0 0 0 1 0 0 0 
0 1 0 0 0 0 0 0 
0 0 0 1 0 0 0 0 
0 0 0 0 0 0 1 0 
0 0 1 0 0 0 0 0 
0 0 0 0 0 0 0 1 
0 0 0 0 0 1 0 0 
1 0 0 0 0 0 0 0 

解法51: 
0 0 0 0 1 0 0 0 
0 1 0 0 0 0 0 0 
0 0 0 0 0 1 0 0 
1 0 0 0 0 0 0 0 
0 0 0 0 0 0 1 0 
0 0 0 1 0 0 0 0 
0 0 0 0 0 0 0 1 
0 0 1 0 0 0 0 0 

解法52: 
0 0 0 0 1 0 0 0 
0 1 0 0 0 0 0 0 
0 0 0 0 0 0 0 1 
1 0 0 0 0 0 0 0 
0 0 0 1 0 0 0 0 
0 0 0 0 0 0 1 0 
0 0 1 0 0 0 0 0 
0 0 0 0 0 1 0 0 

解法53: 
0 0 0 0 1 0 0 0 
0 0 1 0 0 0 0 0 
1 0 0 0 0 0 0 0 
0 0 0 0 0 1 0 0 
0 0 0 0 0 0 0 1 
0 1 0 0 0 0 0 0 
0 0 0 1 0 0 0 0 
0 0 0 0 0 0 1 0 

解法54: 
0 0 0 0 1 0 0 0 
0 0 1 0 0 0 0 0 
1 0 0 0 0 0 0 0 
0 0 0 0 0 0 1 0 
0 1 0 0 0 0 0 0 
0 0 0 0 0 0 0 1 
0 0 0 0 0 1 0 0 
0 0 0 1 0 0 0 0 

解法55: 
0 0 0 0 1 0 0 0 
0 0 1 0 0 0 0 0 
0 0 0 0 0 0 0 1 
0 0 0 1 0 0 0 0 
0 0 0 0 0 0 1 0 
1 0 0 0 0 0 0 0 
0 0 0 0 0 1 0 0 
0 1 0 0 0 0 0 0 

解法56: 
0 0 0 0 1 0 0 0 
0 0 0 0 0 0 1 0 
1 0 0 0 0 0 0 0 
0 0 1 0 0 0 0 0 
0 0 0 0 0 0 0 1 
0 0 0 0 0 1 0 0 
0 0 0 1 0 0 0 0 
0 1 0 0 0 0 0 0 

解法57: 
0 0 0 0 1 0 0 0 
0 0 0 0 0 0 1 0 
1 0 0 0 0 0 0 0 
0 0 0 1 0 0 0 0 
0 1 0 0 0 0 0 0 
0 0 0 0 0 0 0 1 
0 0 0 0 0 1 0 0 
0 0 1 0 0 0 0 0 

解法58: 
0 0 0 0 1 0 0 0 
0 0 0 0 0 0 1 0 
0 1 0 0 0 0 0 0 
0 0 0 1 0 0 0 0 
0 0 0 0 0 0 0 1 
1 0 0 0 0 0 0 0 
0 0 1 0 0 0 0 0 
0 0 0 0 0 1 0 0 

解法59: 
0 0 0 0 1 0 0 0 
0 0 0 0 0 0 1 0 
0 1 0 0 0 0 0 0 
0 0 0 0 0 1 0 0 
0 0 1 0 0 0 0 0 
1 0 0 0 0 0 0 0 
0 0 0 1 0 0 0 0 
0 0 0 0 0 0 0 1 

解法60: 
0 0 0 0 1 0 0 0 
0 0 0 0 0 0 1 0 
0 1 0 0 0 0 0 0 
0 0 0 0 0 1 0 0 
0 0 1 0 0 0 0 0 
1 0 0 0 0 0 0 0 
0 0 0 0 0 0 0 1 
0 0 0 1 0 0 0 0 

解法61: 
0 0 0 0 1 0 0 0 
0 0 0 0 0 0 1 0 
0 0 0 1 0 0 0 0 
1 0 0 0 0 0 0 0 
0 0 1 0 0 0 0 0 
0 0 0 0 0 0 0 1 
0 0 0 0 0 1 0 0 
0 1 0 0 0 0 0 0 

解法62: 
0 0 0 0 1 0 0 0 
0 0 0 0 0 0 0 1 
0 0 0 1 0 0 0 0 
1 0 0 0 0 0 0 0 
0 0 1 0 0 0 0 0 
0 0 0 0 0 1 0 0 
0 1 0 0 0 0 0 0 
0 0 0 0 0 0 1 0 

解法63: 
0 0 0 0 1 0 0 0 
0 0 0 0 0 0 0 1 
0 0 0 1 0 0 0 0 
1 0 0 0 0 0 0 0 
0 0 0 0 0 0 1 0 
0 1 0 0 0 0 0 0 
0 0 0 0 0 1 0 0 
0 0 1 0 0 0 0 0 

解法64: 
0 0 0 0 0 1 0 0 
1 0 0 0 0 0 0 0 
0 0 0 0 1 0 0 0 
0 1 0 0 0 0 0 0 
0 0 0 0 0 0 0 1 
0 0 1 0 0 0 0 0 
0 0 0 0 0 0 1 0 
0 0 0 1 0 0 0 0 

解法65: 
0 0 0 0 0 1 0 0 
0 1 0 0 0 0 0 0 
0 0 0 0 0 0 1 0 
1 0 0 0 0 0 0 0 
0 0 1 0 0 0 0 0 
0 0 0 0 1 0 0 0 
0 0 0 0 0 0 0 1 
0 0 0 1 0 0 0 0 

解法66: 
0 0 0 0 0 1 0 0 
0 1 0 0 0 0 0 0 
0 0 0 0 0 0 1 0 
1 0 0 0 0 0 0 0 
0 0 0 1 0 0 0 0 
0 0 0 0 0 0 0 1 
0 0 0 0 1 0 0 0 
0 0 1 0 0 0 0 0 

解法67: 
0 0 0 0 0 1 0 0 
0 0 1 0 0 0 0 0 
1 0 0 0 0 0 0 0 
0 0 0 0 0 0 1 0 
0 0 0 0 1 0 0 0 
0 0 0 0 0 0 0 1 
0 1 0 0 0 0 0 0 
0 0 0 1 0 0 0 0 

解法68: 
0 0 0 0 0 1 0 0 
0 0 1 0 0 0 0 0 
1 0 0 0 0 0 0 0 
0 0 0 0 0 0 0 1 
0 0 0 1 0 0 0 0 
0 1 0 0 0 0 0 0 
0 0 0 0 0 0 1 0 
0 0 0 0 1 0 0 0 

解法69: 
0 0 0 0 0 1 0 0 
0 0 1 0 0 0 0 0 
1 0 0 0 0 0 0 0 
0 0 0 0 0 0 0 1 
0 0 0 0 1 0 0 0 
0 1 0 0 0 0 0 0 
0 0 0 1 0 0 0 0 
0 0 0 0 0 0 1 0 

解法70: 
0 0 0 0 0 1 0 0 
0 0 1 0 0 0 0 0 
0 0 0 0 1 0 0 0 
0 0 0 0 0 0 1 0 
1 0 0 0 0 0 0 0 
0 0 0 1 0 0 0 0 
0 1 0 0 0 0 0 0 
0 0 0 0 0 0 0 1 

解法71: 
0 0 0 0 0 1 0 0 
0 0 1 0 0 0 0 0 
0 0 0 0 1 0 0 0 
0 0 0 0 0 0 0 1 
1 0 0 0 0 0 0 0 
0 0 0 1 0 0 0 0 
0 1 0 0 0 0 0 0 
0 0 0 0 0 0 1 0 

解法72: 
0 0 0 0 0 1 0 0 
0 0 1 0 0 0 0 0 
0 0 0 0 0 0 1 0 
0 1 0 0 0 0 0 0 
0 0 0 1 0 0 0 0 
0 0 0 0 0 0 0 1 
1 0 0 0 0 0 0 0 
0 0 0 0 1 0 0 0 

解法73: 
0 0 0 0 0 1 0 0 
0 0 1 0 0 0 0 0 
0 0 0 0 0 0 1 0 
0 1 0 0 0 0 0 0 
0 0 0 0 0 0 0 1 
0 0 0 0 1 0 0 0 
1 0 0 0 0 0 0 0 
0 0 0 1 0 0 0 0 

解法74: 
0 0 0 0 0 1 0 0 
0 0 1 0 0 0 0 0 
0 0 0 0 0 0 1 0 
0 0 0 1 0 0 0 0 
1 0 0 0 0 0 0 0 
0 0 0 0 0 0 0 1 
0 1 0 0 0 0 0 0 
0 0 0 0 1 0 0 0 

解法75: 
0 0 0 0 0 1 0 0 
0 0 0 1 0 0 0 0 
1 0 0 0 0 0 0 0 
0 0 0 0 1 0 0 0 
0 0 0 0 0 0 0 1 
0 1 0 0 0 0 0 0 
0 0 0 0 0 0 1 0 
0 0 1 0 0 0 0 0 

解法76: 
0 0 0 0 0 1 0 0 
0 0 0 1 0 0 0 0 
0 1 0 0 0 0 0 0 
0 0 0 0 0 0 0 1 
0 0 0 0 1 0 0 0 
0 0 0 0 0 0 1 0 
1 0 0 0 0 0 0 0 
0 0 1 0 0 0 0 0 

解法77: 
0 0 0 0 0 1 0 0 
0 0 0 1 0 0 0 0 
0 0 0 0 0 0 1 0 
1 0 0 0 0 0 0 0 
0 0 1 0 0 0 0 0 
0 0 0 0 1 0 0 0 
0 1 0 0 0 0 0 0 
0 0 0 0 0 0 0 1 

解法78: 
0 0 0 0 0 1 0 0 
0 0 0 1 0 0 0 0 
0 0 0 0 0 0 1 0 
1 0 0 0 0 0 0 0 
0 0 0 0 0 0 0 1 
0 1 0 0 0 0 0 0 
0 0 0 0 1 0 0 0 
0 0 1 0 0 0 0 0 

解法79: 
0 0 0 0 0 1 0 0 
0 0 0 0 0 0 0 1 
0 1 0 0 0 0 0 0 
0 0 0 1 0 0 0 0 
1 0 0 0 0 0 0 0 
0 0 0 0 0 0 1 0 
0 0 0 0 1 0 0 0 
0 0 1 0 0 0 0 0 

解法80: 
0 0 0 0 0 0 1 0 
1 0 0 0 0 0 0 0 
0 0 1 0 0 0 0 0 
0 0 0 0 0 0 0 1 
0 0 0 0 0 1 0 0 
0 0 0 1 0 0 0 0 
0 1 0 0 0 0 0 0 
0 0 0 0 1 0 0 0 

解法81: 
0 0 0 0 0 0 1 0 
0 1 0 0 0 0 0 0 
0 0 0 1 0 0 0 0 
1 0 0 0 0 0 0 0 
0 0 0 0 0 0 0 1 
0 0 0 0 1 0 0 0 
0 0 1 0 0 0 0 0 
0 0 0 0 0 1 0 0 

解法82: 
0 0 0 0 0 0 1 0 
0 1 0 0 0 0 0 0 
0 0 0 0 0 1 0 0 
0 0 1 0 0 0 0 0 
1 0 0 0 0 0 0 0 
0 0 0 1 0 0 0 0 
0 0 0 0 0 0 0 1 
0 0 0 0 1 0 0 0 

解法83: 
0 0 0 0 0 0 1 0 
0 0 1 0 0 0 0 0 
1 0 0 0 0 0 0 0 
0 0 0 0 0 1 0 0 
0 0 0 0 0 0 0 1 
0 0 0 0 1 0 0 0 
0 1 0 0 0 0 0 0 
0 0 0 1 0 0 0 0 

解法84: 
0 0 0 0 0 0 1 0 
0 0 1 0 0 0 0 0 
0 0 0 0 0 0 0 1 
0 1 0 0 0 0 0 0 
0 0 0 0 1 0 0 0 
1 0 0 0 0 0 0 0 
0 0 0 0 0 1 0 0 
0 0 0 1 0 0 0 0 

解法85: 
0 0 0 0 0 0 1 0 
0 0 0 1 0 0 0 0 
0 1 0 0 0 0 0 0 
0 0 0 0 1 0 0 0 
0 0 0 0 0 0 0 1 
1 0 0 0 0 0 0 0 
0 0 1 0 0 0 0 0 
0 0 0 0 0 1 0 0 

解法86: 
0 0 0 0 0 0 1 0 
0 0 0 1 0 0 0 0 
0 1 0 0 0 0 0 0 
0 0 0 0 0 0 0 1 
0 0 0 0 0 1 0 0 
1 0 0 0 0 0 0 0 
0 0 1 0 0 0 0 0 
0 0 0 0 1 0 0 0 

解法87: 
0 0 0 0 0 0 1 0 
0 0 0 0 1 0 0 0 
0 0 1 0 0 0 0 0 
1 0 0 0 0 0 0 0 
0 0 0 0 0 1 0 0 
0 0 0 0 0 0 0 1 
0 1 0 0 0 0 0 0 
0 0 0 1 0 0 0 0 

解法88: 
0 0 0 0 0 0 0 1 
0 1 0 0 0 0 0 0 
0 0 0 1 0 0 0 0 
1 0 0 0 0 0 0 0 
0 0 0 0 0 0 1 0 
0 0 0 0 1 0 0 0 
0 0 1 0 0 0 0 0 
0 0 0 0 0 1 0 0 

解法89: 
0 0 0 0 0 0 0 1 
0 1 0 0 0 0 0 0 
0 0 0 0 1 0 0 0 
0 0 1 0 0 0 0 0 
1 0 0 0 0 0 0 0 
0 0 0 0 0 0 1 0 
0 0 0 1 0 0 0 0 
0 0 0 0 0 1 0 0 

解法90: 
0 0 0 0 0 0 0 1 
0 0 1 0 0 0 0 0 
1 0 0 0 0 0 0 0 
0 0 0 0 0 1 0 0 
0 1 0 0 0 0 0 0 
0 0 0 0 1 0 0 0 
0 0 0 0 0 0 1 0 
0 0 0 1 0 0 0 0 

解法91: 
0 0 0 0 0 0 0 1 
0 0 0 1 0 0 0 0 
1 0 0 0 0 0 0 0 
0 0 1 0 0 0 0 0 
0 0 0 0 0 1 0 0 
0 1 0 0 0 0 0 0 
0 0 0 0 0 0 1 0 
0 0 0 0 1 0 0 0 

